40.2
46.3
48.4
52.4
53.8
56.9
63.7
61.2
64.7
71.4
79.8
77.2
77.0
80.3
88.0
94.2
106.7
117.4
114.4
99.7
88.4
63.8
44.0
26.1
26.8
26.6
36.3
40.0
49.6
62.8
56.4
63.6
64.1
69.1
70.4
67.8
72.5
69.7
73.1
75.3
65.2
66.9
69.0
69.1
67.2
74.6
77.3
81.5
81.5
82.4
95.2
109.3
102.6
97.6
97.5
88.9
93.3
100.5
110.0
105.4
99.6
103.2
112.0
111.8
101.7
86.1
89.8
95.1
99.1
94.6
91.4
92.6
99.8
100.1
97.7
95.8
96.4
94.8
101.1
97.9
97.4
92.2
84.4
90.4
91.4
98.0
96.5
97.8
95.9
98.9
91.0
86.0
83.3
73.4
61.6
45.4
41.4
41.0
42.8
54.8
56.5
53.2
41.5
36.8
40.1
37.6
31.1
26.8
21.6
22.1
28.1
34.1
37.4
39.6
35.2
36.9
38.8
40.9
38.8
44.2
44.8
44.3
42.7
44.7
41.4
40.2
40.8
43.0
46.7
50.4
54.6
56.4
60.3
57.6
57.0
60.3
63.5
61.9
67.1
61.2

